время
114 3696.86
134 2368.12
202 2680.61
264 2813.03

вопрос
85 2756.43
98 1731.91
180 2388.66
216 2301.57

студент
62 2010.57
67 1184.06
152 2017.09
164 1747.49

культура
58 1880.86
134 2368.12
201 2667.34
130 1385.2

место
49 1589.0
90 1590.53
92 1220.87
104 1108.16

автор
36 1167.43
125 2209.07
147 1950.74
201 2141.74

быть
710 23024.29
1127 19916.94
1194 15844.79
1235 13159.44

образование
59 1913.29
74 1307.77
118 1565.9
184 1960.6

часть
37 1199.86
99 1749.58
77 1021.82
174 1854.04

главный
60 1945.71
69 1219.4
93 1234.14
123 1310.62

важный
43 1394.43
80 1413.8
112 1486.28
139 1481.1

сказать
58 1880.86
60 1060.35
121 1605.71
142 1513.07

все
126 4086.0
145 2562.52
277 3675.89
251 2674.51

понимать
36 1167.43
126 2226.74
167 2216.15
150 1598.31

америка
42 1362.0
57 1007.33
183 2428.47
108 1150.78

ребенок
46 1491.71
74 1307.77
79 1048.36
96 1022.92

человек
207 6712.72
442 7811.26
506 6714.79
692 7373.55

самый
67 2172.71
135 2385.79
168 2229.42
224 2386.81

считать
38 1232.29
50 883.63
116 1539.36
102 1086.85

весь
109 3534.71
160 2827.6
226 2999.1
251 2674.51

становиться
65 2107.86
155 2739.24
144 1910.93
196 2088.46

работать
70 2270.0
132 2332.77
186 2468.28
91 969.64

иметь
49 1589.0
130 2297.43
147 1950.74
142 1513.07

конец
34 1102.57
72 1272.42
68 902.38
89 948.33

университет
50 1621.43
62 1095.7
88 1167.79
223 2376.16

город
45 1459.29
72 1272.42
111 1473.01
94 1001.61

большой
66 2140.29
62 1095.7
72 955.46
91 969.64

например
46 1491.71
76 1343.11
79 1048.36
164 1747.49

хотеть
63 2043.0
120 2120.7
216 2866.39
139 1481.1

разный
56 1816.0
121 2138.38
108 1433.2
89 948.33

статья
44 1426.86
81 1431.47
85 1127.98
166 1768.8

жизнь
92 2983.43
144 2544.84
178 2362.12
223 2376.16

думать
70 2270.0
85 1502.16
212 2813.31
129 1374.55

новый
51 1653.86
90 1590.53
128 1698.6
182 1939.29

мир
58 1880.86
118 2085.36
132 1751.69
135 1438.48

можно
52 1686.29
86 1519.84
134 1778.23
174 1854.04

знать
88 2853.71
118 2085.36
156 2070.17
129 1374.55

слово
51 1653.86
341 6026.33
226 2999.1
377 4017.09

говорить
80 2594.29
207 3658.21
260 3450.29
203 2163.05

являться
77 2497.0
119 2103.03
157 2083.44
132 1406.51

мочь
110 3567.14
282 4983.65
415 5507.19
463 4933.46

использовать
31 1005.29
113 1997.0
118 1565.9
153 1630.28

страна
99 3210.43
219 3870.28
284 3768.78
324 3452.35

проблема
45 1459.29
89 1572.85
222 2946.02
164 1747.49

история
53 1718.71
83 1466.82
77 1021.82
122 1299.96

друг
51 1653.86
98 1731.91
137 1818.04
102 1086.85

россия
169 5480.43
195 3446.14
356 4724.24
374 3985.13

себя
55 1783.57
84 1484.49
123 1632.25
214 2280.26

существовать
49 1589.0
77 1360.78
119 1579.17
140 1491.76

система
64 2075.43
52 918.97
79 1048.36
89 948.33

русский
128 4150.86
211 3728.9
393 5215.24
284 3026.14

год
163 5285.86
205 3622.87
167 2216.15
274 2919.58

современный
28 908.0
65 1148.71
69 915.65
132 1406.51

находить
34 1102.57
58 1025.01
97 1287.22
88 937.68

жить
69 2237.57
97 1714.24
148 1964.01
131 1395.86

язык
114 3696.86
529 9348.77
308 4087.27
258 2749.1

