время
407 4473.95
148 3016.65
105 3040.75
117 2939.85

многий
131 1440.02
78 1589.86
55 1592.77
42 1055.33

вопрос
108 1187.19
77 1569.47
70 2027.16
81 2035.28

мнение
79 868.41
63 1284.12
53 1534.85
69 1733.76

студент
85 934.36
45 917.23
55 1592.77
54 1356.85

культура
198 2176.52
101 2058.66
48 1390.06
70 1758.88

должный
89 978.33
47 957.99
33 955.66
64 1608.12

место
105 1154.21
57 1161.82
42 1216.3
66 1658.37

автор
129 1418.03
86 1752.92
65 1882.37
45 1130.71

отношение
79 868.41
64 1304.5
36 1042.54
61 1532.74

быть
1137 12498.49
616 12555.8
376 10888.77
540 13568.52

образование
105 1154.21
78 1589.86
37 1071.5
99 2487.56

часть
132 1451.01
65 1324.88
47 1361.1
43 1080.46

все
165 1813.76
118 2405.17
78 2258.84
130 3266.5

понимать
79 868.41
63 1284.12
32 926.7
44 1105.58

самый
213 2341.41
117 2384.79
62 1795.49
81 2035.28

считать
126 1385.06
76 1549.09
46 1332.14
86 2160.91

человек
839 9222.72
458 9335.32
376 10888.77
463 11633.75

общество
172 1890.71
96 1956.75
89 2577.39
60 1507.61

весь
307 3374.7
133 2710.91
152 4401.84
109 2738.83

становиться
270 2967.98
127 2588.61
75 2171.96
59 1482.49

иметь
184 2022.62
111 2262.49
102 2953.87
103 2588.07

экономический
102 1121.24
64 1304.5
39 1129.42
40 1005.08

большой
159 1747.81
46 937.61
56 1621.73
56 1407.11

например
115 1264.14
62 1263.73
51 1476.93
69 1733.76

хотеть
120 1319.1
51 1039.52
48 1390.06
68 1708.63

разный
148 1626.89
54 1100.67
40 1158.38
71 1784.01

жизнь
290 3187.83
168 3424.31
96 2780.11
91 2286.55

думать
120 1319.1
46 937.61
51 1476.93
74 1859.39

новый
165 1813.76
96 1956.75
74 2143.0
78 1959.9

мир
191 2099.57
181 3689.28
57 1650.69
65 1633.25

можно
180 1978.65
62 1263.73
84 2432.6
98 2462.44

знать
86 945.36
49 998.76
43 1245.26
66 1658.37

слово
175 1923.69
175 3566.99
60 1737.57
206 5176.14

говорить
96 1055.28
100 2038.28
42 1216.3
82 2060.41

развитие
183 2011.63
82 1671.39
41 1187.34
47 1180.96

являться
186 2044.61
125 2547.85
53 1534.85
82 2060.41

мочь
269 2956.99
120 2445.93
113 3272.42
191 4799.24

страна
365 4012.27
230 4688.04
219 6342.13
227 5703.8

проблема
249 2737.14
110 2242.11
115 3330.34
55 1381.98

история
111 1220.17
59 1202.58
33 955.66
54 1356.85

россия
479 5265.41
235 4789.96
161 4662.48
288 7236.54

себя
151 1659.87
78 1589.86
58 1679.65
81 2035.28

существовать
147 1615.9
74 1508.33
71 2056.12
122 3065.48

работа
216 2374.38
51 1039.52
90 2606.35
53 1331.73

русский
138 1516.97
135 2751.68
80 2316.76
253 6357.1

год
372 4089.22
228 4647.28
110 3185.54
122 3065.48

современный
184 2022.62
66 1345.26
37 1071.5
45 1130.71

язык
98 1077.27
146 2975.89
111 3214.5
84 2110.66

